@ -330 -860 .6
# ---- west of the Mân Quang bridge the road runs on a causeway; lagoon to the north, the fleet rafted in the lock basin to the south ----
E sand 445 0 480 60 540 150 610 250 700 360 770 440 800 480 800 530 735 505 690 440 620 350 540 250 470 150 420 70 395 0
E sand 150 0 190 60 160 150 165 240 180 330 140 352 70 335 25 280 35 215 95 160 115 85 120 0
E grass 880 505 800 520 700 537 560 578 430 618 330 642 200 670 100 700 0 738 -330 830 -330 965 0 872 100 845 200 810 350 770 480 745 600 725 700 720 800 700 880 690
n 780 548 430 643 100 728
n 760 648 480 722 200 795
N 100 250 28
N 150 130 14
N 620 300 10
N 700 400 12
N 560 220 8
C 205 250 fleet 12
C 450 215 fleet 14
C 380 860 fleet 60
C 690 880 fleet 64
C 480 1060 fleet 36
C 255 1065 fleet 20
C 80 1110 fleet 24
C 60 900 fleet 12
C 760 760 fleet 8
